sum=-15,n=7
avg=-2.14286
6.85714